24.93, 77.49
1.38, 13.29
45.33, 219.55
24.94, 89.13
1.39, 13.36
24.95, 79.42
24.96, 92.82
24.97, 85.73
24.98, 87.50
4.00, 22.79
24.99, 82.34
4.10, 23.17
4.20, 23.40
4.30, 23.70
0.00, 0.00
4.40, 23.96
4.50, 24.40
4.60, 24.53
4.70, 24.83
4.80, 25.06
4.90, 25.56
90.66, 438.80
55.91, 263.42
55.93, 73.70
52.10, 215.24
55.95, 253.70
52.30, 246.92
52.40, 212.92
52.60, 138.99
14.41, 53.45
52.70, 169.30
14.42, 54.03
52.80, 207.86
14.43, 56.65
14.44, 55.31
14.45, 55.28
14.46, 56.71
14.47, 55.85
14.48, 52.78
14.49, 55.62
1.41, 13.43
1.42, 13.46
1.43, 13.47
1.44, 13.55
1.45, 13.58
1.46, 13.64
1.47, 13.67
45.42, 225.04
1.48, 13.66
1.49, 13.70
45.45, 195.61
45.47, 258.50
90.72, 435.42
14.51, 57.15
14.52, 55.10
14.53, 54.73
14.54, 56.37
14.55, 56.35
14.56, 55.25
91.00, 515.25
14.57, 55.96
14.58, 55.43
14.59, 56.69
91.30, 447.42
91.40, 303.30
80.21, 358.92
1.51, 13.81
1.52, 13.85
1.53, 13.89
80.25, 406.42
1.54, 13.95
1.55, 14.01
1.56, 14.04
1.57, 14.06
1.58, 14.10
45.53, 253.11
1.59, 14.13
45.57, 198.80
14.61, 53.80
35.01, 61.42
14.62, 58.17
14.63, 57.81
35.03, 71.89
14.64, 54.00
35.04, 160.20
14.65, 55.97
35.05, 115.98
14.66, 54.97
14.67, 53.47
14.68, 57.11
35.08, 76.78
14.69, 55.87
35.09, 147.61
18.00, 69.38
18.10, 69.06
18.20, 69.35
18.30, 69.42
18.40, 69.07
18.50, 68.57
18.60, 68.81
18.70, 68.46
18.80, 68.54
1.61, 14.23
18.90, 69.00
1.62, 14.21
1.63, 14.25
1.64, 14.35
1.65, 14.38
1.66, 14.41
45.61, 266.24
1.67, 14.47
45.62, 275.54
1.68, 14.49
1.69, 14.59
45.64, 239.79
45.65, 187.54
45.66, 187.54
148.00, 520.30
14.71, 55.73
14.72, 55.48
35.12, 136.86
14.73, 57.59
35.13, 149.70
14.74, 56.51
35.14, 139.16
14.75, 56.72
35.15, 127.11
14.76, 53.96
35.16, 133.15
14.77, 55.64
35.17, 146.19
14.78, 56.60
35.18, 105.92
14.79, 56.82
35.19, 178.48
1.71, 14.62
1.72, 14.70
1.73, 14.70
1.74, 14.74
1.75, 14.75
1.76, 14.79
45.71, 139.80
1.77, 14.87
1.78, 14.88
1.79, 14.98
66.15, 160.00
45.78, 0.00
9.00, 41.00
9.10, 41.40
76.76, 223.54
9.20, 41.61
9.30, 42.17
14.81, 57.75
9.40, 42.45
35.21, 205.30
14.82, 56.77
9.50, 42.91
35.22, 111.30
14.83, 57.03
9.60, 43.31
35.23, 127.70
14.84, 56.18
9.70, 43.73
14.85, 58.11
9.80, 43.95
14.86, 54.56
9.90, 44.28
35.25, 134.93
14.87, 57.13
35.26, 163.47
35.27, 146.31
14.88, 56.77
35.28, -112.25
14.89, 58.66
35.29, 166.91
57.20, 186.80
57.30, 324.87
57.40, 224.15
1.81, 15.00
57.50, 369.00
1.82, 15.09
57.60, 309.03
1.83, 15.10
57.70, 156.42
1.84, 15.09
1.85, 15.18
57.90, 160.30
1.86, 15.22
1.87, 15.21
1.88, 15.30
1.89, 15.32
45.85, 187.42
45.86, 228.54
45.87, 309.05
66.26, 394.56
45.89, 194.92
14.91, 57.74
35.31, 193.03
14.92, 55.81
97.29, 300.04
35.32, 145.38
14.93, 56.65
14.94, 57.04
35.33, 145.63
35.34, 112.25
14.95, 56.09
35.35, 121.66
14.96, 56.80
14.97, 57.23
35.37, 162.56
14.98, 56.97
14.99, 58.21
35.39, 155.30
1.91, 15.40
1.92, 15.45
1.93, 15.51
1.94, 15.58
80.66, 436.92
1.95, 15.55
1.96, 15.54
1.97, 15.62
1.98, 15.63
1.99, 15.67
8.01, 37.00
96.20, 0.35
8.02, 36.78
8.03, 36.94
8.04, 36.61
8.05, 36.71
8.06, 36.79
8.07, 37.48
8.08, 38.11
8.09, 37.15
121.87, 315.30
70.14, 411.54
35.41, 122.84
35.42, 175.20
35.43, 121.70
35.44, 129.39
35.45, 107.54
35.47, 118.71
35.49, 188.75
8.11, 36.77
8.12, 36.80
8.13, 37.32
8.14, 37.93
8.15, 37.16
8.16, 37.76
8.17, 37.15
8.18, 37.42
8.19, 38.39
44.00, 210.33
44.10, 164.19
44.20, 207.35
44.30, 134.30
44.40, 155.14
44.50, 175.33
44.60, 181.55
44.70, 168.34
44.80, 164.80
44.90, 142.73
121.91, 429.42
35.52, 169.86
35.53, 131.60
35.55, 143.86
35.56, 131.42
35.57, 109.12
35.58, 173.36
35.59, 159.92
66.53, 404.58
8.21, 37.78
8.22, 37.86
8.23, 38.12
8.24, 38.13
8.25, 37.90
8.26, 38.34
8.27, 38.31
8.28, 38.29
8.29, 38.19
83.10, 225.42
83.20, 402.80
83.50, 441.69
83.80, 338.04
70.36, 275.42
83.90, 362.41
35.61, 150.94
35.62, 176.04
35.63, 163.42
35.64, 91.60
35.65, 202.85
35.66, 130.92
35.67, 116.65
35.68, 159.92
25.01, 68.20
8.31, 37.68
25.02, 88.69
8.32, 38.62
25.03, 89.58
8.33, 38.49
25.04, 103.30
8.34, 37.96
25.05, 91.33
25.06, 83.93
8.35, 38.26
25.07, 80.58
8.36, 39.35
8.37, 38.30
25.08, 77.08
8.38, 38.31
25.09, 96.81
8.39, 38.19
56.02, 310.80
56.07, 200.80
35.71, 154.71
35.73, 128.33
35.74, 138.04
31.00, 119.54
31.10, 137.82
35.78, 155.55
35.79, 146.42
31.20, 122.43
31.30, 134.78
31.40, 109.50
31.50, 111.61
31.60, 148.45
31.70, 137.66
31.80, 108.29
31.90, 128.04
25.11, 92.40
25.12, 77.28
8.41, 39.25
25.13, 82.14
8.42, 38.73
25.14, 79.21
8.43, 38.59
25.15, 81.70
8.44, 39.93
25.16, 88.54
8.45, 39.22
25.17, 88.15
8.46, 38.56
66.79, 223.54
25.18, 79.58
8.47, 38.78
25.19, 94.98
8.48, 38.66
8.49, 39.19
161.50, 450.30
56.12, 200.80
56.13, 333.42
56.15, 156.92
35.81, 145.10
35.82, 143.04
35.83, 176.35
35.84, 202.26
35.85, 147.75
35.86, 102.92
35.87, 172.14
35.88, 134.34
306.90, 436.42
25.21, 75.82
25.22, 87.26
8.51, 38.44
25.23, 94.82
8.52, 39.26
60.04, 216.50
25.24, 101.84
8.53, 39.49
25.25, 88.68
8.54, 39.29
25.26, 80.42
8.55, 38.88
25.27, 95.39
8.56, 38.82
25.28, 92.08
8.57, 39.49
25.29, 89.12
8.58, 39.14
8.59, 39.07
56.23, 270.80
35.91, 135.06
35.92, 245.80
35.93, 222.42
35.94, 134.84
35.96, 160.19
49.00, 139.30
35.97, 136.92
35.98, 113.34
49.10, 172.73
49.20, 202.24
49.30, 208.78
49.40, 223.54
49.50, 227.54
49.60, 232.80
49.70, 189.50
49.80, 247.17
49.90, 93.36
87.26, 502.30
25.31, 87.81
25.32, 87.42
8.61, 39.62
8.62, 39.40
25.33, 77.34
25.34, 76.41
8.63, 38.58
8.64, 39.15
25.35, 77.69
8.65, 39.43
25.36, 80.07
8.66, 40.61
25.37, 90.55
25.38, 84.17
8.67, 40.09
8.68, 40.44
25.39, 92.55
8.69, 39.73
56.31, 155.92
88.40, 880.65
88.50, 804.56
88.70, 255.30
87.38, 438.30
25.41, 88.51
8.71, 38.75
25.42, 88.79
8.72, 39.19
25.43, 89.96
25.44, 88.03
8.73, 39.53
25.45, 109.48
8.74, 39.48
8.75, 40.13
25.46, 91.88
8.76, 40.16
25.47, 81.10
25.48, 84.75
8.77, 40.73
25.49, 88.34
8.78, 40.23
8.79, 40.15
56.41, 279.92
56.44, 150.80
91.27, 261.80
56.47, 117.30
56.48, 300.80
25.51, 81.52
60.31, 55.30
25.52, 87.58
36.00, 169.71
8.81, 40.24
25.53, 81.42
36.10, 145.25
8.82, 40.53
2.01, 15.77
25.54, 78.70
36.20, 159.77
8.83, 39.94
2.02, 15.88
36.30, 133.64
25.55, 105.48
8.84, 40.23
2.03, 15.86
25.56, 105.19
36.40, 145.13
8.85, 40.28
2.04, 15.84
25.57, 99.52
36.50, 153.64
8.86, 40.26
2.05, 15.96
25.58, 75.69
36.60, 156.22
8.87, 40.39
2.06, 15.97
25.59, 90.26
36.70, 135.99
8.88, 40.05
2.07, 16.00
36.80, 144.33
8.89, 40.33
2.08, 16.07
36.90, 148.94
2.09, 16.08
70.91, 196.30
56.51, 254.30
15.01, 57.17
15.02, 58.73
15.03, 57.84
15.04, 58.60
15.05, 57.30
15.06, 57.87
15.07, 57.12
15.08, 56.59
15.09, 56.98
25.61, 86.67
25.62, 83.20
8.91, 40.49
25.63, 89.23
8.92, 40.32
2.11, 16.09
25.64, 83.50
8.93, 40.09
2.12, 16.16
46.04, 206.92
25.65, 91.91
8.94, 39.94
2.13, 16.21
25.66, 87.23
8.95, 40.58
2.14, 16.27
25.67, 85.25
8.96, 40.00
2.15, 16.32
46.07, 163.42
25.68, 85.04
8.97, 40.12
2.16, 16.37
46.08, 260.42
25.69, 88.71
8.98, 40.55
2.17, 16.45
46.09, 73.70
8.99, 41.22
2.18, 16.43
2.19, 16.47
77.06, 248.92
15.11, 59.53
15.12, 60.17
15.13, 57.14
15.14, 58.15
15.15, 57.17
15.16, 57.40
15.17, 55.98
15.18, 59.53
15.19, 57.31
25.71, 75.27
46.11, 206.92
25.72, 106.22
2.21, 16.50
25.73, 84.09
2.22, 16.61
25.74, 78.63
25.75, 82.43
2.23, 16.56
46.15, 193.92
2.24, 16.65
25.76, 81.60
25.77, 87.56
2.25, 16.71
46.17, 123.30
25.78, 82.65
2.26, 16.74
46.18, 177.80
25.79, 89.16
2.27, 16.71
2.28, 16.75
2.29, 16.77
23.00, 76.26
23.10, 76.79
23.20, 80.80
23.30, 75.67
23.40, 79.70
23.50, 78.23
23.60, 80.18
23.70, 83.15
23.80, 79.62
23.90, 82.48
56.78, 461.76
15.21, 57.36
15.22, 59.33
15.23, 58.25
15.24, 57.65
15.25, 58.99
15.26, 59.80
15.27, 58.65
15.28, 59.03
15.29, 57.40
87.77, 266.52
60.61, 256.92
118.32, 316.00
25.81, 91.58
25.82, 80.08
2.31, 16.98
25.83, 99.69
2.32, 16.91
25.84, 90.73
25.85, 72.30
2.33, 16.97
46.25, 155.60
60.66, 352.42
2.34, 17.01
25.86, 100.41
46.26, 192.80
2.35, 17.05
25.87, 90.58
2.36, 17.11
25.88, 98.66
2.37, 17.06
25.89, 106.25
46.29, 148.04
2.38, 17.12
2.39, 17.26
77.24, 241.80
50.04, 315.96
56.88, 216.90
15.31, 57.97
15.32, 58.68
15.33, 58.82
15.34, 59.58
15.35, 60.52
15.36, 60.46
15.37, 56.14
15.38, 58.85
15.39, 58.65
25.91, 92.47
81.08, 386.30
46.31, 73.30
25.92, 80.39
46.32, 126.80
25.93, 82.39
2.41, 17.32
25.94, 81.89
2.42, 17.38
25.95, 93.69
2.43, 17.33
25.96, 80.28
2.44, 17.43
60.77, 349.70
25.97, 93.53
2.45, 17.50
46.37, 211.10
25.98, 86.53
2.46, 17.51
25.99, 116.70
2.47, 17.59
2.48, 17.59
2.49, 17.47
50.14, 164.42
50.15, 313.44
62.40, 198.04
62.50, 277.90
56.99, 363.65
50.18, 210.96
15.41, 58.41
15.42, 58.20
62.80, 223.04
15.43, 59.25
62.90, 345.04
15.44, 59.79
15.45, 59.16
15.46, 60.04
15.47, 58.75
15.48, 59.04
15.49, 58.41
60.83, 210.38
2.51, 17.74
2.52, 17.76
46.44, 137.12
2.53, 17.69
46.45, 232.56
2.54, 17.81
46.46, 216.15
2.55, 17.71
2.56, 17.91
46.48, 205.92
2.57, 17.82
46.49, 122.30
2.58, 17.95
2.59, 17.94
50.23, 175.30
50.24, 308.54
77.45, 299.79
15.51, 59.74
15.52, 60.32
15.53, 62.78
15.54, 58.67
15.55, 59.23
15.56, 59.59
15.57, 59.60
15.58, 58.67
15.59, 60.60
10.00, 44.82
10.10, 44.89
10.20, 45.25
10.30, 45.24
10.40, 45.95
10.50, 45.70
10.60, 46.14
10.70, 45.75
10.80, 46.22
10.90, 46.37
46.52, 223.54
2.61, 17.97
60.94, 328.92
2.62, 18.15
2.63, 18.19
46.55, 223.04
60.96, 348.77
2.64, 18.10
2.65, 18.12
60.98, 233.54
2.66, 18.21
46.58, 82.80
2.67, 18.23
46.59, 156.92
2.68, 18.39
2.69, 18.32
50.32, 170.80
1.00, 11.78
1.10, 12.24
50.36, 189.90
1.20, 12.67
1.30, 13.12
50.38, 191.30
15.61, 60.21
1.40, 13.52
36.01, 193.80
15.62, 60.05
1.50, 13.95
15.63, 60.02
1.60, 14.35
36.03, 160.46
15.64, 60.99
1.70, 14.73
36.04, 485.42
15.65, 60.56
1.80, 15.10
36.05, 126.88
15.66, 58.10
1.90, 15.48
36.06, 165.79
15.67, 59.36
36.07, 134.16
15.68, 60.41
36.08, 180.36
15.69, 58.90
36.09, 151.23
28.00, 84.63
28.10, 90.63
28.20, 81.77
28.30, 83.55
28.40, 86.47
28.50, 91.49
28.60, 94.11
28.70, 94.39
28.80, 84.38
28.90, 94.74
2.71, 18.39
46.62, 168.04
2.72, 18.47
67.03, 360.36
2.73, 18.53
2.74, 18.55
2.75, 18.51
2.76, 18.67
46.68, 189.30
2.77, 18.65
2.78, 18.69
2.79, 18.74
50.42, 219.58
50.46, 245.56
15.71, 59.92
15.72, 60.86
36.12, 178.31
15.73, 60.71
36.13, 65.92
15.74, 61.60
36.14, 201.92
15.75, 61.26
15.76, 60.41
36.16, 165.79
15.77, 59.98
36.17, 157.62
15.78, 60.02
15.79, 60.81
36.19, 148.79
46.71, 223.54
46.72, 307.42
2.81, 18.73
46.73, 163.47
2.82, 18.77
2.83, 18.84
2.84, 18.81
46.76, 312.04
2.85, 18.97
2.86, 18.97
2.87, 18.98
2.88, 18.93
2.89, 19.16
50.51, 183.65
15.81, 59.43
36.21, 150.31
15.82, 61.06
36.22, 179.68
15.83, 62.13
36.23, 116.59
15.84, 59.67
36.24, 158.04
15.85, 62.35
36.25, 153.30
15.86, 61.99
36.26, 156.62
15.87, 61.33
36.27, 152.52
15.88, 60.59
36.28, 139.21
15.89, 59.57
36.29, 136.23
67.40, 441.04
67.60, 361.10
67.90, 336.35
81.58, 355.30
67.21, 305.00
46.82, 212.92
2.91, 19.09
46.83, 150.30
40.02, 178.04
2.92, 19.19
2.93, 19.32
2.94, 19.19
2.95, 19.42
40.06, 354.80
2.96, 19.43
40.07, 202.75
2.97, 19.30
2.98, 19.31
40.09, 137.86
2.99, 19.48
15.00, 59.26
15.10, 57.80
15.20, 59.12
15.30, 60.95
15.40, 60.46
15.50, 60.83
15.60, 60.67
15.70, 62.10
15.80, 63.63
15.90, 63.04
50.61, 163.04
50.63, 333.92
50.65, 173.92
15.91, 61.04
36.31, 124.19
15.92, 63.24
36.32, 143.41
15.93, 61.62
36.33, 0.00
15.94, 62.12
36.34, 141.46
15.95, 63.78
15.96, 62.01
36.35, 214.92
36.36, 143.08
15.97, 62.21
36.37, 127.04
15.98, 61.47
36.38, 160.80
15.99, 62.83
40.11, 151.92
40.13, 147.92
9.01, 40.42
40.14, 183.80
9.02, 40.94
40.15, 188.64
9.03, 40.42
40.16, 172.80
46.97, 337.77
9.04, 40.88
9.05, 40.88
46.99, 254.30
40.18, 282.50
9.06, 40.74
9.07, 40.96
9.08, 41.39
9.09, 40.96
77.91, 389.30
50.79, 337.70
36.42, 183.03
36.43, 123.39
36.44, 103.30
36.45, 174.30
36.46, 178.58
36.47, 146.25
36.48, 178.54
36.49, 104.80
6.00, 28.49
6.10, 28.78
6.20, 29.04
6.30, 29.43
6.40, 29.78
6.50, 29.98
6.60, 30.32
6.70, 30.94
6.80, 30.97
40.21, 129.82
6.90, 31.40
9.11, 41.02
40.24, 133.14
9.12, 41.13
9.13, 41.63
40.25, 111.05
9.14, 41.07
67.47, 293.54
40.27, 180.75
9.15, 41.46
40.28, 160.28
9.16, 41.68
40.29, 139.04
67.49, 488.30
9.17, 40.98
9.18, 41.40
9.19, 41.98
54.10, 197.34
54.20, 225.04
54.30, 196.42
54.40, 213.96
54.90, 0.30
50.82, 284.90
50.89, 110.30
36.51, 151.18
36.52, 151.19
71.29, 205.30
36.54, 144.04
36.55, 156.35
36.56, 169.25
36.57, 121.54
36.58, 198.03
36.59, 140.80
40.31, 169.92
40.33, 179.76
9.21, 41.71
40.34, 163.42
9.22, 40.98
40.35, 186.05
9.23, 41.81
40.36, 128.80
9.24, 42.19
9.25, 41.31
9.26, 41.71
40.39, 188.90
26.01, 84.81
9.27, 41.73
9.28, 41.85
26.02, 95.11
9.29, 41.46
26.03, 101.01
26.04, 87.08
26.05, 85.50
26.06, 84.70
26.07, 88.24
26.08, 78.31
26.09, 100.44
36.61, 167.94
36.62, 159.80
36.63, 153.78
36.64, 127.92
36.65, 109.80
36.66, 162.59
57.05, 253.30
36.67, 187.13
36.68, 71.89
57.09, 280.30
40.41, 179.45
40.42, 167.42
9.31, 41.30
40.43, 126.69
40.44, 150.59
9.32, 41.56
9.33, 41.31
40.46, 107.80
9.34, 42.02
40.47, 216.05
9.35, 41.51
9.36, 42.30
26.11, 91.43
9.37, 41.75
26.12, 100.36
9.38, 41.18
26.13, 89.28
9.39, 41.81
26.14, 93.60
26.15, 83.65
26.16, 85.82
26.17, 92.33
26.18, 86.68
26.19, 82.82
36.71, 140.93
36.72, 108.42
57.11, 198.04
36.75, 157.66
57.15, 361.56
36.76, 174.50
41.00, 167.31
36.77, 140.20
36.78, 173.38
41.10, 119.12
41.20, 95.42
36.79, 32.96
41.30, 196.67
41.40, 161.91
41.50, 181.90
41.60, 186.68
41.70, 190.94
41.80, 162.67
41.90, 113.80
40.51, 180.17
40.52, 196.92
9.41, 41.33
40.54, 211.86
9.42, 42.24
40.55, 207.70
9.43, 41.93
9.44, 42.17
40.57, 65.92
9.45, 42.28
40.58, 243.96
9.46, 41.51
26.21, 86.45
9.47, 42.23
26.22, 91.21
9.48, 42.15
26.23, 82.25
9.49, 42.26
26.24, 87.94
26.25, 86.63
26.26, 81.19
26.27, 108.99
26.28, 86.94
26.29, 71.21
36.81, 151.86
30.01, 122.80
108.95, 320.80
57.22, 120.30
30.02, 109.45
36.84, 156.17
30.03, 66.74
57.24, 224.30
36.85, 133.67
30.04, 87.05
57.25, 232.73
36.86, 181.54
30.05, 108.22
36.87, 171.65
30.06, 116.58
36.88, 164.50
30.07, 78.71
36.89, 164.67
30.08, 79.15
57.29, 174.04
30.09, 79.73
80.00, 780.16
40.61, 205.92
40.62, 110.80
40.63, 109.73
9.51, 41.87
9.52, 42.81
9.53, 42.18
9.54, 42.01
40.67, 176.30
9.55, 42.66
40.68, 116.42
9.56, 42.79
40.69, 158.80
26.31, 85.20
9.57, 42.39
26.32, 92.33
9.58, 42.93
9.59, 42.42
26.33, 85.54
26.34, 88.37
26.35, 80.85
26.36, 90.12
26.37, 91.42
26.38, 81.17
26.39, 91.77
71.64, 141.00
36.91, 188.92
30.11, 92.30
36.92, 153.61
30.12, 106.17
30.13, 73.70
36.94, 169.55
36.95, 134.59
30.14, 91.86
36.96, 127.47
30.15, 89.23
59.00, 200.30
30.16, 92.96
36.97, 190.51
30.17, 95.61
59.10, 175.19
36.99, 156.75
30.18, 120.09
59.30, 132.59
30.19, 164.89
59.60, 323.29
40.72, 113.42
9.61, 41.98
9.62, 42.65
40.75, 233.36
9.63, 43.36
9.64, 42.48
40.77, 139.54
9.65, 43.02
40.78, 170.92
9.66, 42.80
26.41, 91.24
9.67, 43.26
40.79, 443.30
9.68, 42.09
26.42, 80.74
9.69, 43.29
26.43, 89.38
26.44, 87.25
26.45, 88.75
26.46, 88.77
26.47, 81.16
26.48, 95.68
26.49, 90.79
71.73, 261.92
30.21, 112.25
30.22, 182.90
30.23, 112.86
30.24, 113.03
30.25, 113.62
30.26, 130.75
30.27, 119.41
57.48, 156.30
30.28, 125.03
30.29, 121.47
9.71, 43.09
9.72, 43.30
40.85, 235.85
9.73, 43.20
40.86, 142.54
9.74, 43.66
40.87, 204.27
9.75, 43.01
9.76, 43.30
26.51, 87.73
9.77, 43.26
26.52, 91.76
9.78, 44.24
26.53, 89.76
9.79, 44.30
26.54, 82.42
26.55, 87.62
26.56, 87.53
26.57, 90.53
26.58, 92.52
26.59, 88.74
30.31, 105.61
30.32, 111.90
30.33, 118.65
30.34, 93.54
30.35, 109.68
30.36, 97.30
30.37, 109.48
30.38, 102.50
30.39, 99.52
40.91, 126.94
40.93, 109.30
46.00, 255.14
9.81, 43.57
46.10, 144.97
9.82, 43.51
3.01, 19.55
46.20, 178.35
9.83, 44.23
3.02, 19.65
46.30, 221.43
9.84, 43.92
3.03, 19.56
46.40, 294.35
9.85, 43.64
3.04, 19.76
40.98, 121.94
46.50, 183.35
9.86, 44.61
3.05, 19.67
46.60, 142.22
26.61, 85.14
9.87, 43.91
3.06, 19.72
26.62, 93.44
9.88, 44.15
3.07, 19.82
46.80, 150.30
26.63, 142.45
9.89, 43.57
3.08, 19.71
26.64, 94.03
46.90, 260.12
3.09, 19.88
26.65, 89.65
26.66, 86.83
26.67, 87.10
26.68, 77.96
26.69, 84.08
30.41, 88.67
30.42, 108.94
16.01, 60.81
30.43, 109.56
16.02, 59.95
57.64, 327.04
30.44, 122.14
16.03, 62.86
30.45, 119.95
16.04, 63.06
30.46, 118.84
16.05, 61.72
30.47, 139.25
16.06, 62.94
57.68, 282.42
30.48, 126.10
16.07, 64.97
30.49, 94.64
16.08, 63.28
16.09, 63.00
61.42, 273.50
9.91, 44.44
47.02, 206.42
9.92, 44.07
3.11, 19.98
9.93, 44.17
3.12, 19.84
61.45, 262.70
9.94, 43.78
3.13, 20.10
9.95, 44.28
3.14, 20.08
9.96, 44.37
3.15, 19.97
47.07, 141.80
9.97, 43.99
3.16, 20.26
26.71, 89.84
88.69, 183.36
26.72, 91.16
9.98, 44.37
3.17, 20.32
47.09, 303.30
9.99, 43.98
3.18, 20.20
26.73, 87.61
3.19, 20.30
26.74, 88.71
26.75, 87.92
26.76, 93.80
26.77, 71.73
26.78, 87.68
85.10, 376.59
26.79, 96.91
85.30, 502.55
85.50, 241.54
85.70, 486.40
85.80, 844.83
85.90, 390.67
30.51, 101.30
30.52, 117.74
16.11, 60.93
30.53, 117.01
16.12, 63.73
30.54, 104.01
16.13, 62.86
30.55, 101.65
16.14, 62.73
30.56, 106.62
16.15, 63.77
30.57, 76.61
16.16, 62.70
30.58, 114.61
16.17, 64.19
30.59, 120.74
16.18, 62.67
16.19, 62.49
47.11, 289.04
47.12, 223.67
3.21, 20.45
3.22, 20.35
3.23, 20.38
3.24, 20.30
47.16, 216.92
3.25, 20.46
47.17, 344.30
3.26, 20.46
26.81, 84.97
3.27, 20.49
26.82, 89.71
20.01, 72.07
3.28, 20.59
26.83, 102.54
20.02, 72.40
3.29, 20.62
26.84, 84.36
20.03, 70.04
26.85, 79.75
20.04, 70.63
26.86, 91.92
20.05, 71.13
26.87, 94.43
20.06, 71.82
26.88, 107.57
20.07, 70.78
26.89, 95.74
20.08, 72.09
20.09, 70.98
33.00, 133.25
33.10, 129.94
33.20, 111.79
33.30, 129.73
33.40, 122.43
33.50, 144.53
33.60, 163.13
33.70, 137.59
33.80, 150.57
33.90, 144.99
30.61, 118.03
30.62, 118.01
16.21, 63.83
57.83, 309.80
51.02, 137.80
30.63, 70.69
16.22, 64.01
30.64, 96.76
16.23, 63.93
57.85, 247.54
51.04, 175.42
30.65, 118.48
16.24, 63.92
30.66, 97.75
16.25, 65.28
30.67, 141.32
16.26, 64.23
30.68, 120.15
16.27, 65.43
51.08, 232.42
30.69, 95.16
16.28, 65.95
16.29, 66.36
61.61, 122.80
88.83, 230.30
3.31, 20.61
3.32, 20.62
47.24, 244.90
3.33, 20.80
3.34, 20.57
47.26, 154.70
3.35, 20.53
3.36, 20.69
26.91, 108.96
26.92, 95.19
3.37, 20.75
20.11, 69.23
3.38, 20.85
26.93, 89.86
20.12, 70.26
26.94, 98.65
3.39, 20.87
20.13, 71.20
26.95, 82.96
20.14, 70.78
26.96, 92.30
20.15, 71.36
26.97, 98.02
20.16, 71.79
26.98, 83.70
20.17, 71.21
26.99, 96.25
20.18, 70.18
20.19, 69.85
30.71, 103.97
30.72, 109.37
16.31, 64.90
72.00, 371.04
30.73, 128.57
16.32, 67.21
30.74, 94.63
16.33, 65.42
51.13, 256.54
30.75, 114.30
16.34, 64.57
51.15, 255.50
30.76, 97.13
16.35, 64.62
30.77, 79.44
16.36, 64.62
30.78, 116.55
16.37, 64.74
51.17, 248.30
30.79, 59.80
16.38, 63.49
72.70, 760.02
16.39, 65.72
61.71, 325.04
61.72, 184.30
3.41, 20.90
3.42, 20.93
47.34, 121.80
3.43, 20.93
3.44, 21.01
3.45, 21.22
61.78, 253.54
3.46, 21.05
20.21, 69.03
3.47, 21.09
20.22, 70.73
3.48, 21.25
20.23, 70.02
3.49, 21.32
20.24, 72.59
20.25, 72.42
20.26, 74.38
20.27, 73.61
20.28, 71.67
20.29, 72.73
30.81, 100.46
16.41, 66.86
30.83, 160.80
16.42, 65.50
30.84, 180.04
16.43, 64.32
30.85, 123.11
16.44, 66.06
30.86, 72.47
16.45, 65.62
30.87, 91.92
16.46, 65.72
30.88, 79.30
16.47, 66.01
30.89, 149.17
16.48, 65.23
16.49, 66.08
20.00, 71.32
20.10, 70.99
20.20, 70.40
20.30, 71.54
20.40, 70.96
20.50, 71.00
20.60, 70.94
20.70, 70.35
20.80, 69.94
20.90, 71.21
47.41, 250.90
61.82, 318.30
3.51, 21.36
47.43, 359.45
3.52, 21.25
3.53, 21.36
3.54, 21.32
3.55, 21.27
3.56, 21.43
3.57, 21.51
20.31, 70.05
3.58, 21.44
20.32, 70.15
3.59, 21.56
20.33, 73.14
20.34, 70.97
20.35, 71.00
20.36, 71.49
20.37, 71.68
20.38, 70.46
20.39, 70.35
30.91, 86.30
30.92, 80.12
16.51, 66.99
51.32, 230.11
30.93, 135.30
16.52, 66.99
30.94, 143.76
16.53, 67.11
30.95, 146.41
16.54, 65.96
30.96, 176.18
16.55, 66.18
30.97, 95.46
16.56, 67.77
30.98, 108.90
16.57, 66.66
30.99, 107.63
16.58, 65.46
16.59, 67.52
47.51, 240.96
3.61, 21.62
61.94, 219.04
3.62, 21.68
3.63, 21.49
3.64, 21.74
47.56, 150.04
3.65, 21.65
3.66, 21.72
3.67, 21.86
20.41, 72.43
3.68, 21.69
20.42, 70.85
3.69, 21.83
20.43, 72.52
20.44, 70.45
20.45, 73.12
20.46, 71.73
20.47, 71.59
20.48, 70.82
20.49, 70.44
51.41, 252.36
16.61, 67.17
37.01, 141.79
16.62, 66.69
37.02, 173.45
16.63, 66.62
37.03, 159.58
16.64, 67.67
37.04, 55.30
16.65, 67.35
51.46, 354.36
16.66, 65.48
37.06, 163.09
16.67, 66.01
16.68, 67.82
37.08, 134.45
16.69, 68.37
37.09, 151.68
38.00, 167.33
38.10, 175.33
38.20, 102.88
38.30, 165.21
38.40, 175.54
38.50, 160.68
38.60, 156.32
38.70, 157.82
38.80, 139.00
38.90, 145.61
3.71, 21.87
3.72, 21.80
3.73, 22.08
3.74, 21.93
3.75, 22.11
47.67, 250.30
3.76, 21.99
47.68, 123.36
82.48, 335.54
3.77, 22.16
20.51, 71.17
3.78, 22.24
20.52, 71.22
3.79, 21.96
20.53, 71.84
20.54, 70.55
20.55, 71.78
20.56, 71.86
20.57, 73.77
20.58, 72.75
20.59, 72.32
51.51, 306.92
16.71, 66.89
37.11, 141.04
16.72, 69.27
37.12, 212.63
16.73, 67.33
16.74, 67.51
37.14, 152.04
16.75, 68.42
37.15, 135.29
16.76, 66.62
37.16, 131.45
51.57, 318.89
16.77, 66.31
37.17, 168.05
16.78, 68.12
37.18, 146.54
116.10, 12.81
16.79, 68.37
37.19, 222.65
77.20, 371.86
3.81, 22.24
77.50, 226.42
3.82, 22.28
47.74, 289.25
3.83, 22.37
47.75, 193.92
3.84, 22.21
47.76, 203.30
3.85, 22.26
3.86, 22.62
20.61, 72.28
3.87, 22.46
47.79, 189.54
20.62, 73.29
3.88, 22.49
20.63, 71.04
3.89, 22.41
20.64, 73.44
20.65, 71.90
20.66, 71.79
20.67, 70.63
20.68, 70.24
20.69, 71.51
16.81, 69.06
37.21, 137.47
16.82, 67.34
10.01, 44.12
37.22, 175.85
16.83, 67.07
10.02, 44.21
16.84, 67.94
10.03, 44.65
37.23, 141.81
51.65, 197.06
16.85, 67.84
10.04, 44.29
51.66, 141.80
37.25, 35.47
16.86, 66.64
10.05, 44.90
37.26, 66.36
16.87, 67.63
10.06, 44.61
16.88, 68.76
10.07, 45.83
16.89, 68.67
10.08, 44.86
10.09, 43.94
37.29, 145.98
41.01, 153.30
3.91, 22.64
41.02, 168.80
3.92, 22.62
47.84, 226.10
3.93, 22.60
41.04, 160.38
3.94, 22.40
3.95, 22.79
41.06, 136.92
68.26, 175.04
47.87, 256.92
3.96, 22.63
3.97, 22.85
20.71, 70.69
41.08, 203.80
3.98, 22.69
20.72, 71.02
41.09, 158.73
3.99, 22.57
20.73, 71.00
20.74, 69.69
20.75, 71.30
20.76, 72.46
25.00, 86.85
20.77, 71.16
25.10, 87.48
20.78, 71.78
25.20, 84.73
20.79, 75.05
25.30, 86.83
25.40, 91.55
25.50, 84.06
25.60, 89.10
25.70, 94.35
25.80, 85.74
25.90, 87.96
16.91, 67.87
10.11, 44.94
37.31, 175.80
16.92, 67.60
51.73, 152.30
10.12, 44.53
16.93, 67.99
109.45, 307.70
51.74, 234.04
37.33, 137.54
10.13, 44.31
16.94, 68.88
37.34, 146.13
10.14, 43.70
16.95, 68.14
37.35, 145.44
10.15, 44.75
16.96, 67.97
37.36, 172.85
10.16, 44.19
16.97, 68.00
37.37, 241.92
10.17, 45.22
16.98, 68.94
10.18, 45.20
37.38, 177.07
16.99, 69.23
10.19, 44.09
37.39, 140.49
47.95, 202.92
41.15, 136.06
47.98, 228.70
20.81, 70.59
41.18, 209.20
20.82, 72.40
20.83, 70.50
20.84, 71.93
20.85, 72.77
20.86, 71.92
20.87, 72.90
20.88, 69.87
20.89, 71.09
123.84, 250.80
72.15, 388.80
109.51, 265.30
10.21, 44.58
37.42, 0.00
10.22, 44.67
37.43, 162.90
51.84, 287.30
10.23, 44.82
37.44, 130.67
10.24, 45.35
37.45, 167.30
10.25, 44.42
37.46, 155.74
10.26, 44.92
51.88, 210.42
37.47, 125.17
10.27, 44.95
37.48, 149.99
10.28, 45.15
37.49, 148.04
10.29, 44.86
41.23, 195.55
41.24, 112.30
41.25, 173.80
41.26, 169.75
20.91, 68.59
20.92, 73.74
20.93, 72.27
20.94, 73.43
20.95, 70.91
20.96, 70.83
20.97, 73.13
20.98, 69.43
20.99, 71.57
64.10, 267.86
64.40, 250.30
64.70, 219.64
10.31, 45.30
37.52, 168.40
12.00, 48.19
10.32, 45.55
51.94, 232.80
37.53, 181.76
12.10, 48.79
10.33, 45.10
37.54, 104.30
51.95, 261.92
12.20, 48.95
10.34, 44.08
51.96, 138.30
12.30, 50.09
10.35, 45.23
51.97, 150.30
37.56, 160.54
12.40, 49.42
10.36, 45.35
37.57, 124.44
12.50, 49.99
10.37, 45.28
37.58, 123.98
12.60, 49.94
10.38, 45.41
37.59, 258.36
12.70, 51.13
10.39, 45.16
12.80, 51.27
12.90, 51.87
41.33, 233.90
41.35, 195.10
41.37, 252.30
41.38, 210.65
27.01, 93.26
27.02, 87.97
27.03, 81.75
27.04, 80.16
27.05, 92.03
27.06, 80.84
27.07, 94.95
27.08, 89.29
27.09, 78.80
37.61, 159.35
10.41, 45.16
58.01, 332.05
10.42, 45.53
37.63, 132.82
10.43, 45.70
37.64, 142.54
10.44, 46.12
10.45, 45.34
37.65, 154.03
37.66, 209.48
10.46, 45.70
58.05, 213.04
58.06, 210.80
10.47, 46.00
37.67, 200.90
58.07, 287.54
37.68, 143.54
10.48, 46.83
37.69, 158.92
10.49, 45.92
41.42, 385.80
41.43, 164.30
41.44, 125.80
41.45, 271.92
41.48, 238.10
27.11, 90.49
27.12, 90.72
27.13, 85.92
27.14, 85.90
27.15, 85.38
27.16, 95.36
27.17, 91.40
27.18, 77.44
27.19, 88.43
3.00, 19.56
3.10, 19.92
3.20, 20.25
3.30, 20.64
3.40, 20.89
3.50, 21.24
3.60, 21.66
3.70, 21.91
3.80, 22.28
3.90, 22.53
10.51, 45.00
37.72, 132.32
10.52, 45.35
37.73, 137.35
10.53, 46.01
37.74, 117.80
10.54, 46.44
37.75, 166.46
10.55, 45.89
58.15, 255.65
37.76, 263.50
10.56, 46.11
51.00, 220.36
37.77, 177.80
10.57, 46.83
37.78, 150.04
51.10, 203.29
10.58, 46.25
37.79, 174.05
58.18, 268.25
10.59, 45.66
51.20, 135.86
58.19, 102.80
51.30, 293.38
51.40, 292.50
51.50, 312.30
51.60, 295.35
51.80, 248.80
51.90, 269.27
41.52, 284.42
41.53, 264.80
41.55, 203.80
41.58, 324.05
41.59, 134.04
27.21, 87.27
27.22, 100.13
27.23, 89.70
27.24, 88.31
27.25, 93.37
27.26, 89.72
27.27, 86.64
27.28, 85.13
27.29, 93.94
37.81, 100.30
10.61, 46.04
37.82, 162.92
31.01, 107.38
10.62, 46.06
37.83, 145.92
31.02, 104.73
10.63, 46.22
31.03, 86.74
58.23, 328.56
37.84, 217.17
10.64, 46.70
37.85, 190.92
31.04, 129.99
10.65, 46.02
31.05, 122.37
37.86, 113.04
10.66, 45.77
37.87, 120.04
31.06, 88.80
10.67, 46.22
31.07, 97.54
10.68, 46.93
31.08, 130.59
10.69, 45.59
31.09, 103.94
90.20, 444.30
90.50, 480.30
41.61, 142.40
41.63, 187.75
41.67, 179.42
27.31, 87.47
41.69, 141.54
27.32, 117.80
27.33, 86.17
27.34, 98.11
27.35, 95.43
27.36, 104.18
27.37, 87.84
27.38, 94.34
27.39, 88.30
93.05, 459.30
10.71, 45.65
10.72, 45.20
37.92, 156.75
31.11, 123.77
31.12, 104.73
37.93, 157.23
10.73, 45.89
31.13, 171.65
37.94, 166.70
10.74, 45.99
37.95, 166.92
31.14, 119.88
10.75, 46.33
37.96, 114.54
58.35, 240.80
31.15, 116.29
10.76, 46.66
31.16, 95.86
10.77, 45.71
37.98, 177.30
31.17, 128.10
10.78, 46.71
10.79, 45.79
31.18, 131.87
69.40, 132.90
17.00, 69.43
17.10, 69.48
17.20, 69.30
41.71, 202.48
17.30, 69.25
17.40, 69.73
17.50, 69.54
17.60, 69.53
17.70, 69.72
68.96, 303.96
17.80, 69.61
17.90, 69.53
41.78, 195.36
27.41, 84.39
27.42, 90.96
27.43, 84.48
27.44, 86.05
27.45, 97.68
27.46, 108.18
27.47, 96.65
27.48, 99.17
27.49, 98.20
72.77, 342.80
10.81, 45.89
10.82, 46.10
31.21, 120.37
10.83, 46.00
31.22, 134.35
31.23, 110.24
10.84, 46.21
58.44, 238.58
31.24, 106.59
10.85, 46.54
31.25, 117.49
10.86, 45.73
31.26, 123.64
10.87, 45.82
10.88, 45.74
31.27, 109.38
31.28, 143.02
10.89, 46.80
31.29, 109.23
41.83, 50.30
62.22, 264.36
41.86, 205.30
41.88, 152.42
27.51, 98.65
27.52, 78.91
27.53, 88.69
27.54, 88.44
27.55, 96.09
27.56, 126.16
27.57, 86.31
27.58, 92.01
27.59, 89.22
10.91, 46.61
31.31, 115.36
10.92, 46.05
31.32, 123.60
10.93, 45.18
31.33, 105.40
58.53, 250.00
10.94, 46.40
10.95, 46.02
31.34, 159.38
31.35, 121.42
10.96, 46.77
10.97, 44.98
31.36, 122.07
58.57, 283.04
31.37, 149.76
10.98, 46.75
31.38, 97.30
10.99, 45.74
8.00, 36.97
31.39, 95.79
17.01, 69.74
8.10, 37.43
17.02, 69.25
8.20, 37.98
17.03, 69.01
8.30, 38.43
17.04, 68.52
8.40, 39.32
17.05, 68.60
8.50, 39.20
17.06, 69.26
8.60, 39.87
17.07, 68.86
8.70, 39.84
17.08, 68.74
8.80, 40.41
17.09, 70.11
8.90, 40.49
41.91, 237.96
41.92, 168.92
41.93, 111.30
56.00, 256.42
56.10, 166.73
4.01, 22.95
62.34, 303.30
4.02, 22.88
41.96, 150.98
4.03, 22.81
41.97, 286.42
62.36, 170.42
4.04, 22.95
56.50, 227.84
41.98, 157.42
4.05, 23.16
27.61, 95.87
4.06, 22.82
56.70, 231.67
27.62, 86.41
4.07, 23.01
56.80, 225.30
27.63, 85.43
4.08, 23.11
27.64, 92.69
4.09, 23.05
27.65, 92.19
27.66, 99.90
27.67, 91.22
27.68, 93.83
27.69, 81.20
31.41, 107.67
58.62, 208.56
31.42, 120.91
31.43, 101.09
31.44, 127.64
31.45, 130.17
31.46, 99.42
31.47, 124.42
58.68, 168.36
31.48, 199.78
31.49, 113.57
17.11, 67.95
17.12, 68.48
17.13, 69.93
17.14, 69.74
17.15, 69.49
17.16, 68.58
17.17, 69.24
17.18, 68.71
17.19, 69.42
4.11, 23.18
4.12, 23.20
4.13, 22.92
4.14, 23.25
4.15, 23.33
4.16, 23.15
27.71, 98.57
27.72, 86.75
4.17, 23.55
4.18, 23.38
27.73, 85.86
27.74, 92.64
4.19, 23.47
27.75, 83.83
48.15, 300.96
27.76, 95.85
27.77, 88.68
27.78, 89.68
27.79, 78.65
31.51, 107.65
31.52, 113.40
31.53, 142.15
31.54, 128.68
31.55, 105.28
31.56, 111.77
31.57, 145.31
31.58, 115.24
31.59, 147.78
17.21, 68.24
17.22, 69.49
17.23, 69.42
17.24, 70.18
17.25, 69.24
17.26, 68.95
17.27, 69.38
17.28, 69.74
17.29, 70.33
4.21, 23.61
4.22, 23.58
4.23, 23.85
4.24, 23.58
4.25, 23.60
4.26, 23.39
27.81, 98.39
48.21, 240.96
4.27, 23.59
27.82, 80.71
21.01, 70.75
4.28, 23.49
27.83, 101.97
21.02, 71.23
4.29, 23.96
27.84, 94.58
21.03, 71.65
27.85, 75.51
21.04, 70.62
48.25, 255.30
27.86, 84.67
21.05, 71.26
27.87, 108.87
21.06, 68.80
27.88, 83.37
21.07, 72.59
27.89, 87.14
21.08, 71.01
21.09, 71.49
43.00, 195.70
43.10, 199.92
43.20, 184.89
43.30, 141.30
43.40, 225.21
43.50, 249.04
43.60, 210.68
43.70, 176.54
43.80, 154.48
43.90, 206.92
31.61, 116.44
58.83, 102.80
31.63, 108.76
31.64, 119.51
31.65, 128.54
31.67, 149.40
31.68, 144.44
31.69, 115.41
17.31, 69.23
17.32, 70.72
17.33, 69.56
17.34, 69.11
17.35, 69.02
17.36, 70.30
17.37, 68.74
17.38, 70.54
17.39, 69.71
89.83, 398.04
4.31, 23.49
4.32, 23.66
4.33, 23.84
4.34, 23.74
4.35, 23.72
27.91, 99.40
4.36, 24.05
4.37, 23.89
27.92, 95.32
21.11, 70.25
4.38, 23.98
27.93, 93.23
21.12, 71.03
27.94, 96.47
4.39, 23.82
21.13, 72.35
27.95, 80.76
21.14, 72.98
48.35, 182.67
27.96, 83.61
21.15, 71.21
48.36, 287.69
27.97, 93.73
21.16, 71.34
27.98, 104.13
21.17, 74.58
27.99, 89.42
21.18, 71.06
21.19, 72.22
31.71, 155.37
31.72, 151.78
82.00, 420.54
31.73, 123.48
58.94, 310.94
31.74, 90.36
31.75, 131.04
31.76, 158.37
82.40, 399.04
52.16, 163.80
31.77, 157.63
52.17, 230.80
82.50, 624.32
31.78, 126.11
31.79, 135.01
17.41, 69.54
17.42, 69.77
17.43, 70.90
17.44, 70.79
17.45, 69.09
17.46, 70.36
17.47, 69.11
17.48, 70.09
17.49, 70.16
4.41, 24.27
4.42, 23.78
4.43, 23.82
4.44, 24.05
4.45, 24.14
4.46, 24.45
21.21, 70.61
4.47, 24.12
21.22, 72.08
48.42, 301.20
4.48, 24.29
21.23, 71.47
4.49, 24.31
21.24, 72.23
48.45, 172.73
21.25, 70.73
21.26, 71.20
21.27, 72.69
21.28, 71.69
21.29, 73.45
31.81, 141.59
31.82, 164.83
31.83, 113.11
31.84, 141.16
31.85, 104.52
31.86, 132.19
52.26, 140.30
31.87, 111.51
31.88, 123.43
31.89, 79.65
17.51, 70.37
17.52, 69.61
17.53, 69.65
17.54, 69.74
17.55, 70.89
17.56, 69.70
17.57, 69.63
17.58, 70.50
17.59, 69.52
30.00, 107.41
30.10, 110.92
30.20, 92.09
30.30, 108.97
30.40, 120.72
30.50, 107.28
30.60, 116.20
30.70, 104.58
30.80, 119.79
30.90, 111.22
4.51, 24.16
4.52, 24.15
4.53, 24.70
4.54, 24.45
4.55, 24.32
4.56, 24.60
4.57, 24.42
21.31, 75.28
4.58, 24.33
21.32, 71.10
48.53, 299.04
4.59, 24.57
21.33, 71.12
21.34, 73.54
21.35, 72.53
48.56, 250.80
21.36, 72.26
48.57, 187.72
21.37, 72.47
21.38, 73.72
21.39, 72.79
31.91, 121.92
31.92, 140.85
52.32, 360.36
31.93, 121.20
31.94, 132.46
52.34, 284.92
31.95, 137.92
31.96, 112.10
52.35, 267.80
52.36, 276.05
31.97, 137.42
79.57, 180.36
31.99, 111.39
17.61, 69.60
17.62, 70.37
17.63, 70.03
17.64, 69.04
17.65, 69.59
17.66, 69.15
17.67, 70.00
17.68, 69.01
17.69, 69.76
62.91, 134.92
4.61, 24.64
4.62, 24.65
4.63, 24.61
4.64, 24.59
4.65, 24.90
4.66, 25.03
4.67, 24.62
21.41, 74.24
4.68, 24.67
21.42, 72.70
4.69, 24.58
21.43, 73.12
21.44, 69.45
21.45, 70.18
21.46, 73.29
21.47, 71.07
21.48, 72.05
21.49, 72.47
38.01, 160.30
38.02, 105.98
38.04, 160.04
38.06, 118.54
38.07, 111.98
17.71, 69.59
38.08, 170.17
17.72, 70.30
38.09, 148.69
17.73, 70.36
17.74, 69.97
17.75, 69.82
17.76, 69.71
17.77, 68.97
17.78, 69.97
17.79, 69.79
48.00, 219.18
48.20, 210.05
48.30, 158.92
48.40, 230.25
48.50, 255.86
48.60, 251.80
48.70, 219.33
48.80, 173.04
48.90, 195.92
4.71, 24.75
4.72, 24.89
4.73, 24.97
4.74, 25.18
83.46, 488.30
4.75, 25.10
4.76, 24.75
4.77, 25.12
21.51, 69.72
4.78, 24.73
21.52, 71.87
4.79, 24.80
21.53, 78.04
48.74, 280.04
21.54, 73.00
21.55, 69.13
21.56, 71.34
21.57, 71.30
21.58, 69.86
21.59, 65.47
38.11, 148.54
38.12, 158.92
38.14, 196.56
52.57, 178.04
52.58, 271.56
17.81, 68.55
38.17, 169.07
52.59, 165.30
38.18, 118.04
17.82, 70.68
38.19, 113.04
17.83, 70.27
17.84, 70.11
17.85, 69.39
17.86, 69.53
17.87, 69.51
17.88, 70.04
17.89, 69.42
87.00, 496.35
87.20, 487.40
4.81, 25.28
4.82, 25.33
4.83, 25.04
4.84, 25.24
87.80, 406.42
4.85, 25.37
4.86, 25.48
21.61, 71.30
4.87, 25.32
21.62, 73.82
4.88, 25.58
21.63, 74.28
4.89, 25.17
21.64, 75.03
21.65, 77.41
21.66, 71.01
21.67, 70.71
21.68, 75.69
21.69, 72.49
38.21, 114.04
52.62, 156.30
11.01, 46.15
38.22, 119.75
11.02, 46.95
52.63, 187.63
38.23, 115.54
11.03, 46.21
52.65, 166.92
11.04, 45.40
38.24, 63.96
11.05, 46.43
38.26, 168.37
52.67, 175.80
11.06, 45.98
17.91, 70.19
11.07, 48.08
17.92, 69.44
11.08, 47.28
17.93, 69.79
11.09, 46.10
17.94, 69.22
17.95, 69.59
17.96, 70.22
17.97, 69.58
17.98, 67.97
17.99, 70.62
42.01, 178.92
4.91, 25.63
4.92, 25.22
4.93, 25.68
42.04, 262.70
4.94, 25.50
42.05, 164.80
4.95, 25.37
4.96, 25.84
42.07, 58.92
48.91, 320.54
4.97, 25.61
21.71, 73.81
48.92, 100.00
4.98, 25.68
21.72, 68.27
42.09, 163.37
4.99, 25.50
21.73, 71.50
48.94, 206.30
21.74, 73.49
48.95, 154.80
21.75, 72.93
21.76, 72.27
35.00, 127.36
21.77, 73.07
35.10, 139.56
21.78, 71.48
35.20, 180.65
21.79, 71.98
35.30, 154.89
35.40, 135.55
35.50, 133.77
35.60, 143.38
35.70, 151.19
35.80, 142.93
35.90, 130.92
11.11, 46.49
38.32, 153.16
11.12, 46.74
11.13, 46.81
38.33, 146.53
79.95, 372.42
11.14, 46.72
38.34, 142.13
38.35, 114.04
11.15, 46.74
38.36, 155.23
11.16, 46.95
38.37, 157.26
52.78, 183.04
11.17, 46.94
38.38, 222.96
11.18, 47.10
38.39, 113.04
11.19, 47.17
69.31, 378.04
42.11, 274.70
257.00, 400.30
42.13, 127.54
42.14, 219.50
257.10, 568.92
42.15, 275.80
42.16, 237.50
42.17, 165.65
21.81, 69.90
42.18, 154.04
21.82, 74.79
42.19, 139.80
21.83, 73.98
21.84, 69.71
21.85, 72.90
21.86, 69.64
21.87, 72.14
21.88, 72.70
21.89, 71.40
74.70, 222.32
74.90, 334.54
11.21, 47.00
38.42, 111.80
11.22, 47.09
52.83, 170.80
52.84, 231.04
38.43, 156.38
11.23, 47.19
38.44, 186.99
11.24, 46.92
38.45, 112.55
11.25, 46.58
38.46, 166.58
11.26, 46.60
11.27, 46.57
38.47, 153.37
38.48, 160.19
11.28, 47.08
38.49, 158.20
11.29, 48.01
42.21, 219.50
114.33, 563.06
42.26, 149.42
21.91, 70.68
42.28, 167.42
21.92, 73.23
42.29, 195.92
21.93, 72.99
21.94, 75.22
21.95, 71.19
21.96, 73.84
21.97, 73.58
21.98, 75.57
21.99, 73.78
38.51, 136.40
11.31, 46.88
22.00, 74.65
11.32, 46.83
22.10, 72.56
11.33, 46.40
22.20, 73.40
11.34, 47.79
38.55, 203.56
22.30, 72.43
11.35, 45.83
22.40, 73.71
11.36, 46.89
38.56, 162.54
38.57, 155.08
11.37, 46.76
22.50, 75.03
11.38, 46.22
22.60, 73.96
11.39, 46.36
22.70, 73.46
22.80, 74.42
22.90, 75.22
42.32, 186.45
42.34, 155.42
42.36, 167.60
69.57, 200.30
42.39, 202.90
28.01, 77.99
28.02, 87.33
28.03, 83.55
28.04, 101.70
28.05, 96.10
28.06, 74.85
28.07, 88.82
28.08, 81.64
28.09, 91.94
11.41, 47.03
38.61, 184.99
59.01, 212.30
11.42, 46.24
11.43, 47.04
38.64, 189.80
11.44, 46.52
38.65, 138.54
11.45, 46.75
11.46, 45.89
38.67, 186.19
11.47, 45.87
11.48, 47.09
38.68, 185.12
59.08, 246.42
38.69, 118.04
11.49, 46.41
42.45, 154.40
42.46, 265.04
42.47, 158.92
28.11, 86.56
28.12, 111.37
28.13, 79.83
28.14, 94.02
28.15, 88.07
28.16, 79.86
28.17, 90.88
28.18, 91.23
28.19, 100.83
100.30, 320.30
100.90, 6.30
11.51, 48.07
38.72, 173.92
11.52, 45.96
11.53, 46.52
38.74, 143.43
104.05, 358.92
11.54, 45.95
11.55, 47.20
11.56, 47.05
61.00, 250.30
11.57, 47.28
38.78, 171.00
11.58, 46.82
38.79, 117.75
61.20, 148.55
11.59, 47.42
61.30, 330.04
61.50, 294.31
61.90, 150.30
42.55, 197.30
69.77, 385.29
28.21, 82.92
28.22, 88.21
28.23, 97.17
28.24, 77.95
28.25, 84.27
28.26, 89.38
28.27, 89.09
28.28, 81.59
28.29, 79.30
73.53, 300.30
38.81, 128.54
11.61, 46.72
32.01, 137.13
11.62, 47.22
38.83, 118.04
32.02, 111.15
11.63, 48.16
38.84, 105.30
32.03, 157.45
11.64, 47.32
32.04, 148.80
11.65, 47.46
38.86, 213.70
32.05, 195.97
11.66, 46.73
38.87, 159.42
32.06, 106.98
11.67, 47.23
32.07, 136.92
11.68, 47.91
32.08, 127.32
11.69, 46.14
32.09, 133.30
79.10, 220.30
114.71, 299.80
114.72, 308.58
42.61, 181.25
42.62, 150.80
42.65, 210.65
42.66, 201.65
63.06, 63.36
69.88, 224.47
28.31, 79.31
28.32, 117.94
28.33, 85.30
28.34, 79.87
28.35, 95.94
28.36, 89.38
28.37, 89.54
28.38, 81.61
28.39, 84.23
73.68, 213.04
38.91, 173.33
11.71, 47.96
38.92, 100.34
11.72, 48.18
32.11, 113.67
38.93, 176.73
11.73, 48.44
32.12, 116.63
32.13, 61.42
11.74, 47.89
38.95, 159.67
32.14, 119.42
11.75, 48.57
32.15, 109.42
38.96, 141.92
59.35, 260.04
11.76, 48.03
59.36, 282.42
11.77, 46.90
38.97, 198.67
32.16, 129.59
32.17, 103.15
11.78, 47.20
38.99, 117.42
11.79, 47.60
0.00, 32.99
32.18, 145.91
0.10, 13.04
32.19, 86.73
0.20, 9.11
0.30, 8.56
0.40, 8.88
0.50, 9.31
0.60, 9.83
0.70, 10.33
0.80, 10.80
0.90, 11.28
27.00, 89.16
27.10, 93.75
27.20, 89.61
27.30, 89.10
69.92, 206.04
42.72, 197.40
27.40, 95.87
27.50, 89.81
42.74, 189.36
27.60, 90.03
42.75, 211.30
27.70, 90.57
42.76, 393.04
27.80, 87.62
42.77, 161.42
27.90, 86.52
28.41, 79.95
28.42, 90.78
28.43, 82.41
28.44, 77.41
28.45, 78.41
28.46, 82.31
28.47, 86.38
28.48, 85.84
28.49, 92.98
145.81, 250.80
11.81, 48.04
32.21, 115.92
11.82, 47.83
32.22, 152.84
11.83, 49.29
32.23, 120.65
11.84, 48.05
32.24, 123.74
11.85, 47.86
32.25, 163.94
11.86, 49.17
32.26, 93.67
11.87, 48.40
32.27, 0.00
11.88, 48.41
32.28, 108.06
11.89, 48.03
32.29, 117.47
42.81, 195.50
28.51, 79.31
28.52, 81.34
28.53, 74.72
28.54, 98.63
28.55, 84.78
28.56, 107.95
28.57, 83.88
28.58, 90.56
28.59, 76.28
11.91, 48.76
32.31, 178.55
11.92, 48.05
11.93, 48.23
32.33, 116.19
11.94, 48.12
32.34, 137.80
11.95, 48.35
32.35, 160.21
11.96, 48.08
32.36, 121.99
11.97, 49.83
11.98, 48.65
32.37, 127.73
32.38, 126.08
11.99, 48.63
59.59, 177.92
32.39, 95.98
18.01, 68.80
18.02, 68.45
18.03, 69.96
18.04, 69.15
18.05, 69.82
18.06, 69.35
18.07, 69.06
18.08, 69.49
18.09, 68.50
42.91, 245.70
66.00, 280.30
66.10, 271.17
5.01, 25.62
66.20, 264.67
5.02, 25.97
5.03, 25.66
42.97, 187.42
5.04, 25.74
5.05, 25.84
66.60, 200.00
28.61, 92.70
5.06, 26.22
28.62, 93.82
5.07, 25.81
28.63, 85.65
5.08, 26.01
66.90, 186.42
28.64, 68.08
49.03, 278.16
5.09, 25.80
49.04, 234.05
28.65, 68.12
28.66, 76.53
28.67, 108.14
49.07, 290.54
28.68, 81.84
28.69, 102.74
49.08, 228.30
49.09, 213.54
14.00, 55.40
14.10, 55.78
14.20, 56.63
14.30, 55.73
14.40, 55.19
14.50, 56.13
14.60, 57.08
14.70, 57.79
14.80, 58.25
14.90, 57.87
32.41, 103.31
32.42, 160.61
32.43, 145.91
32.44, 124.33
32.45, 119.80
32.46, 135.61
32.47, 123.64
32.48, 130.95
32.49, 136.23
18.11, 69.24
18.12, 70.14
18.13, 68.41
18.14, 70.19
18.15, 70.10
18.16, 69.38
18.17, 69.58
18.18, 69.51
18.19, 69.79
5.11, 26.26
5.12, 25.70
5.13, 25.97
5.14, 25.89
63.47, 330.79
5.15, 26.06
5.16, 25.90
28.71, 97.70
5.17, 25.86
28.72, 107.92
5.18, 26.07
28.73, 85.53
28.74, 95.45
5.19, 26.33
49.14, 163.04
28.75, 79.15
28.76, 84.05
49.15, 185.83
28.77, 95.94
28.78, 106.73
28.79, 94.39
32.51, 136.33
32.52, 128.78
32.53, 130.01
32.54, 166.42
32.55, 128.98
32.56, 89.80
32.57, 160.56
32.58, 131.36
32.59, 99.48
18.21, 68.92
18.22, 69.61
18.23, 69.33
18.24, 68.86
18.25, 68.77
18.26, 70.92
18.27, 68.59
18.28, 69.52
18.29, 70.64
5.21, 26.45
5.22, 25.94
5.00, 25.67
5.23, 26.16
5.10, 25.86
5.24, 26.58
5.20, 26.24
5.25, 26.37
5.30, 26.50
28.81, 84.04
5.26, 26.44
5.40, 26.72
28.82, 96.72
5.27, 26.25
5.50, 27.06
22.01, 70.66
49.22, 238.30
5.28, 26.59
5.60, 27.25
28.83, 93.29
22.02, 75.21
28.84, 80.88
5.29, 26.42
5.70, 27.67
22.03, 74.47
28.85, 86.13
5.80, 28.00
22.04, 71.69
28.86, 86.02
5.90, 28.30
22.05, 71.95
28.87, 86.16
22.06, 72.02
49.27, 135.42
28.88, 91.58
22.07, 68.88
28.89, 98.05
22.08, 74.03
22.09, 72.84
53.00, 171.96
53.10, 278.78
53.30, 249.70
53.40, 37.20
53.80, 198.36
32.62, 129.87
32.63, 116.94
32.64, 121.67
32.66, 87.30
125.17, 388.25
32.67, 152.81
53.06, 160.80
32.68, 138.13
32.69, 141.60
53.08, 238.65
18.31, 69.35
18.32, 68.81
18.33, 68.05
18.34, 68.84
18.35, 68.23
18.36, 69.74
18.37, 68.44
18.38, 69.66
18.39, 68.24
5.31, 27.02
5.32, 26.15
5.33, 26.87
5.34, 26.14
5.35, 26.28
28.91, 91.34
5.36, 26.50
28.92, 95.16
22.11, 71.30
5.37, 27.01
28.93, 84.87
22.12, 71.04
5.38, 26.55
28.94, 80.64
22.13, 76.42
5.39, 26.62
28.95, 109.94
22.14, 74.77
28.96, 91.02
22.15, 76.07
28.97, 95.26
22.16, 80.48
49.37, 184.72
28.98, 88.61
22.17, 71.70
28.99, 87.05
22.18, 70.15
22.19, 75.34
131.10, 343.92
131.20, 351.58
32.71, 135.92
32.72, 105.80
32.73, 139.47
92.10, 497.80
32.74, 131.38
53.14, 303.96
32.75, 150.73
53.15, 121.92
32.77, 140.01
53.16, 247.73
32.78, 143.94
32.79, 99.92
18.41, 69.87
18.42, 69.13
18.43, 69.08
18.44, 70.49
18.45, 68.81
18.46, 69.21
18.47, 68.26
18.48, 69.18
18.49, 68.57
5.41, 26.64
5.42, 26.79
5.43, 27.00
63.76, 344.04
5.44, 26.94
5.45, 26.77
63.78, 230.54
5.46, 27.32
22.21, 71.42
5.47, 27.07
22.22, 72.06
5.48, 27.20
22.23, 73.40
5.49, 26.94
22.24, 76.87
49.45, 245.42
22.25, 74.35
22.26, 72.74
22.27, 76.29
22.28, 73.17
22.29, 72.22
32.81, 131.51
32.82, 145.33
32.83, 91.80
53.22, 256.51
53.23, 207.25
32.84, 146.77
53.24, 147.96
32.85, 184.87
32.86, 115.10
32.87, 157.42
32.88, 122.30
32.89, 166.72
18.51, 69.80
18.52, 68.99
18.53, 69.96
18.54, 67.91
18.55, 69.26
18.56, 69.97
19.00, 68.83
18.57, 68.45
19.10, 69.22
18.58, 68.30
19.20, 69.10
18.59, 68.82
19.30, 69.09
19.40, 69.58
40.00, 171.88
19.50, 70.04
40.10, 124.94
19.60, 69.88
40.20, 218.76
19.70, 71.21
40.30, 82.96
19.80, 70.19
40.40, 138.92
19.90, 71.02
40.50, 124.81
40.60, 151.05
40.70, 100.78
40.80, 179.21
40.90, 130.15
5.51, 27.38
5.52, 26.97
63.85, 264.42
5.53, 27.32
5.54, 26.96
5.55, 27.27
5.56, 27.51
5.57, 27.09
22.31, 74.53
49.52, 187.30
5.58, 27.21
22.32, 72.80
5.59, 27.04
22.33, 74.26
22.34, 71.39
22.35, 73.35
22.36, 70.63
49.57, 226.54
22.37, 75.12
22.38, 72.21
22.39, 76.61
32.91, 120.10
32.92, 141.92
32.93, 125.36
32.94, 123.61
32.95, 125.71
32.96, 148.46
32.97, 151.52
32.98, 112.25
32.99, 159.51
18.61, 69.40
53.39, 231.30
18.62, 68.03
18.63, 68.34
18.64, 69.02
18.65, 68.88
18.66, 70.24
18.67, 69.95
18.68, 70.78
18.69, 69.34
5.61, 27.58
5.62, 27.36
5.63, 27.72
63.96, 375.05
5.64, 27.49
5.65, 27.52
5.66, 27.42
5.67, 27.64
22.41, 72.48
5.68, 27.52
22.42, 74.82
22.43, 73.78
5.69, 27.55
22.44, 77.82
22.45, 71.85
22.46, 73.70
22.47, 72.46
49.68, 173.42
22.48, 78.28
22.49, 72.75
39.01, 161.33
39.02, 128.54
39.03, 147.04
39.04, 160.34
39.05, 105.30
53.47, 413.79
39.06, 226.56
39.07, 308.42
18.71, 68.47
18.72, 68.62
18.73, 68.59
18.74, 69.66
18.75, 69.17
18.76, 68.58
18.77, 67.92
18.78, 69.09
18.79, 68.92
58.00, 200.03
58.30, 249.27
58.60, 217.92
5.71, 27.67
5.72, 27.73
5.73, 27.84
5.74, 27.26
5.75, 28.08
5.76, 27.84
49.71, 213.54
22.51, 70.30
5.77, 27.60
49.72, 230.54
22.52, 74.75
5.78, 27.74
49.73, 362.55
22.53, 69.74
5.79, 28.33
49.74, 300.92
22.54, 75.91
22.55, 79.35
49.76, 54.60
22.56, 73.14
22.57, 73.28
49.78, 251.30
22.58, 72.22
22.59, 71.47
39.12, 206.92
39.13, 260.30
53.56, 183.04
39.16, 154.30
18.81, 69.24
53.59, 272.30
18.82, 70.40
12.01, 47.95
39.19, 125.87
18.83, 67.88
12.02, 48.84
18.84, 68.36
12.03, 48.26
18.85, 69.29
12.04, 48.25
18.86, 69.75
12.05, 47.81
18.87, 67.97
12.06, 49.22
18.88, 67.81
12.07, 49.81
18.89, 68.86
12.08, 48.88
12.09, 49.19
97.40, 524.42
5.81, 27.80
5.82, 28.23
97.60, 340.30
5.83, 28.38
97.70, 200.30
5.84, 28.46
5.85, 27.85
5.86, 28.14
22.61, 75.65
5.87, 27.77
22.62, 77.42
5.88, 28.34
43.02, 214.61
22.63, 70.59
5.89, 28.59
22.64, 73.31
22.65, 74.93
22.66, 75.34
49.87, 253.10
22.67, 83.76
22.68, 74.82
22.69, 79.50
43.09, 184.45
53.61, 120.15
39.21, 207.92
39.22, 118.04
39.23, 115.04
39.24, 117.04
39.25, 207.30
39.26, 169.42
39.27, 167.90
18.91, 68.44
39.28, 164.92
18.92, 69.26
12.11, 48.49
39.29, 175.10
18.93, 68.53
12.12, 49.68
18.94, 69.90
12.13, 48.40
18.95, 67.40
12.14, 49.13
18.96, 70.13
12.15, 47.98
18.97, 69.39
12.16, 48.72
18.98, 68.63
12.17, 48.11
18.99, 68.31
12.18, 49.76
12.19, 48.76
5.91, 28.37
5.92, 28.52
5.93, 28.39
5.94, 28.55
5.95, 28.37
5.96, 28.34
49.91, 275.30
5.97, 28.22
22.71, 79.29
43.11, 193.92
5.98, 28.57
22.72, 78.84
5.99, 28.74
22.73, 76.58
43.13, 198.30
22.74, 75.59
22.75, 80.56
22.76, 76.31
45.00, 233.35
22.77, 73.49
43.17, 322.70
45.10, 140.93
22.78, 75.95
45.20, 182.55
22.79, 69.62
45.30, 183.92
45.40, 203.32
45.60, 131.80
45.70, 143.59
45.80, 194.92
45.90, 219.62
39.36, 189.57
53.78, 257.42
39.38, 196.80
12.21, 49.57
39.39, 120.54
12.22, 50.44
12.23, 49.57
12.24, 48.74
12.25, 48.84
12.26, 48.41
12.27, 48.67
12.28, 49.07
12.29, 50.83
22.81, 82.16
43.21, 174.92
22.82, 78.48
22.83, 75.53
22.84, 81.28
22.85, 80.63
22.86, 81.76
22.87, 77.65
43.27, 158.16
22.88, 77.96
22.89, 80.17
84.00, 475.45
84.30, 486.63
84.70, 586.62
84.90, 620.76
39.41, 65.92
53.83, 366.16
39.42, 175.42
39.43, 103.86
39.45, 205.80
53.86, 205.30
39.46, 187.10
53.88, 153.30
39.47, 261.15
12.31, 49.12
39.49, 118.71
12.32, 50.53
12.33, 49.41
12.34, 48.88
12.35, 49.27
12.36, 48.14
12.37, 50.36
12.38, 49.42
12.39, 51.15
22.91, 75.37
22.92, 80.00
22.93, 83.73
43.33, 180.42
22.94, 81.40
22.95, 77.71
22.96, 70.60
43.36, 162.07
22.97, 76.70
22.98, 78.28
22.99, 82.58
43.39, 144.66
39.52, 182.92
53.93, 123.80
32.00, 134.41
39.53, 170.80
32.10, 98.91
39.54, 240.96
32.20, 126.66
32.30, 121.92
39.56, 112.51
32.40, 127.76
32.50, 133.96
32.60, 143.60
12.41, 50.41
12.42, 48.84
32.70, 128.44
32.80, 127.55
12.43, 49.17
12.44, 50.35
32.90, 128.55
12.45, 49.58
12.46, 49.98
12.47, 50.47
12.48, 50.07
12.49, 49.51
43.41, 142.70
29.01, 95.42
29.02, 92.94
29.03, 87.29
29.04, 100.08
29.05, 82.14
29.06, 98.00
29.07, 101.56
43.49, 242.30
29.08, 92.84
29.09, 76.90
146.44, 330.80
39.62, 111.30
39.63, 102.42
39.64, 143.04
39.65, 146.30
39.66, 150.30
39.68, 208.56
12.51, 50.27
39.69, 168.49
12.52, 50.18
12.53, 49.82
12.54, 48.97
12.55, 49.77
12.56, 49.68
12.57, 50.82
12.58, 50.48
12.59, 49.15
71.30, 433.80
71.40, 359.04
71.90, 231.30
29.11, 96.32
29.12, 87.50
29.13, 96.11
29.14, 88.47
29.15, 114.98
29.16, 110.61
43.58, 61.42
29.17, 147.34
43.59, 205.92
29.18, 102.73
29.19, 96.91
110.40, 200.30
39.73, 99.60
39.74, 269.55
39.76, 136.92
12.61, 49.90
12.62, 50.17
12.63, 49.60
12.64, 48.86
12.65, 50.85
12.66, 50.50
12.67, 50.02
12.68, 50.04
12.69, 50.87
29.21, 102.64
29.22, 121.49
29.23, 112.83
29.24, 104.76
29.25, 101.78
43.67, 106.42
29.26, 105.50
43.68, 204.30
29.27, 90.36
43.69, 185.30
29.28, 95.55
29.29, 99.57
39.81, 197.92
33.01, 125.42
39.83, 135.04
33.02, 148.86
39.84, 143.54
33.03, 142.79
33.04, 133.09
39.85, 180.70
33.05, 152.36
39.87, 157.54
33.06, 142.15
39.88, 125.42
33.07, 167.36
74.68, 429.28
12.71, 50.31
33.08, 97.95
12.72, 49.70
33.09, 99.42
12.73, 51.72
12.74, 50.85
12.75, 50.63
12.76, 50.21
12.77, 50.24
12.78, 51.46
89.20, 451.80
12.79, 51.97
115.75, 307.70
43.72, 130.42
29.31, 102.07
29.32, 104.95
43.74, 129.04
29.33, 75.43
29.34, 82.72
29.35, 137.66
29.36, 108.43
43.78, 265.30
29.37, 103.61
43.79, 280.56
29.38, 102.25
29.39, 86.60
181.53, 920.30
39.91, 152.04
33.11, 146.49
33.12, 103.05
33.13, 146.89
33.14, 130.77
33.15, 124.92
33.16, 153.68
12.81, 49.49
33.17, 133.75
33.18, 166.46
39.99, 65.92
12.82, 48.89
33.19, 163.63
12.83, 50.36
12.84, 51.49
12.85, 50.71
12.86, 51.15
12.87, 51.58
12.88, 50.12
12.89, 52.49
37.00, 156.57
37.10, 164.20
37.20, 157.78
37.30, 140.51
37.40, 136.25
37.50, 151.86
37.60, 158.68
37.70, 143.34
37.80, 61.98
37.90, 92.85
43.81, 216.62
29.41, 74.57
29.42, 128.66
43.84, 179.61
29.43, 91.05
29.44, 86.23
43.86, 197.55
29.45, 89.45
29.46, 108.11
43.88, 257.88
29.47, 109.52
29.48, 77.86
29.49, 96.02
33.21, 136.71
33.22, 128.02
33.23, 132.12
33.24, 181.24
33.25, 168.86
12.91, 49.95
33.27, 120.41
12.92, 51.13
33.29, 122.42
12.93, 49.86
12.94, 51.91
12.95, 50.62
12.96, 51.93
12.97, 52.54
12.98, 53.17
12.99, 52.32
29.51, 103.36
29.52, 81.25
76.00, 464.92
29.53, 82.36
43.95, 232.42
29.54, 95.15
43.96, 231.42
29.55, 105.93
29.56, 104.26
29.57, 104.38
76.50, 540.08
29.58, 91.37
29.59, 108.09
76.80, 429.42
95.29, 303.36
33.34, 182.80
33.35, 165.98
33.36, 117.00
33.37, 163.24
33.38, 117.95
33.39, 155.36
19.01, 67.53
19.02, 68.27
19.03, 69.90
19.04, 68.76
19.05, 68.14
19.06, 69.02
19.07, 67.62
19.08, 67.92
19.09, 69.51
136.45, 306.42
6.01, 28.48
6.02, 28.73
6.03, 28.23
6.04, 28.54
6.05, 28.65
29.61, 75.36
6.06, 28.64
29.62, 116.30
6.07, 28.91
29.63, 87.95
6.08, 28.85
29.64, 113.05
6.09, 28.71
29.65, 73.76
29.66, 104.32
29.67, 46.59
29.68, 97.33
29.69, 108.17
24.00, 79.35
24.10, 84.93
24.20, 85.59
24.30, 81.29
24.40, 84.28
24.50, 84.14
24.60, 83.31
24.70, 85.07
24.80, 86.94
24.90, 85.27
33.41, 134.42
33.42, 122.83
33.43, 129.61
33.44, 126.30
33.45, 136.63
33.46, 118.36
33.47, 123.42
33.49, 134.03
19.11, 69.75
19.12, 68.45
19.13, 69.29
19.14, 66.87
19.15, 67.58
19.16, 68.97
19.17, 68.85
19.18, 69.26
19.19, 68.68
6.11, 28.85
6.12, 29.36
6.13, 28.74
6.14, 28.79
6.15, 28.97
29.71, 88.60
6.16, 28.83
29.72, 140.98
6.17, 28.67
29.73, 102.21
6.18, 28.70
6.19, 28.82
29.74, 93.91
29.75, 80.26
29.76, 131.86
29.77, 85.62
29.78, 146.83
29.79, 89.76
33.52, 136.83
33.53, 163.10
33.54, 127.71
33.57, 134.80
33.58, 180.69
33.59, 140.80
19.21, 69.57
19.22, 67.98
19.23, 69.34
19.24, 70.01
19.25, 69.80
19.26, 71.03
19.27, 69.29
19.28, 70.25
19.29, 68.11
6.21, 29.06
6.22, 29.07
64.55, 250.25
6.23, 29.09
6.24, 29.01
6.25, 28.84
29.81, 94.16
6.26, 28.97
29.82, 80.17
23.01, 79.37
6.27, 29.62
6.28, 29.68
29.83, 74.80
23.02, 74.49
23.03, 75.65
6.29, 28.86
29.84, 94.08
29.85, 104.23
23.04, 72.78
29.86, 86.88
23.05, 74.64
29.87, 110.79
23.06, 77.65
29.88, 104.61
23.07, 76.50
29.89, 113.76
23.08, 78.80
23.09, 78.97
63.00, 400.00
188.02, 480.30
63.30, 156.42
63.90, 257.17
33.61, 170.52
33.62, 113.06
33.63, 132.01
54.02, 326.85
54.04, 144.80
33.65, 117.07
33.66, 143.46
33.67, 139.26
54.07, 263.80
33.68, 107.17
33.69, 214.58
19.31, 70.49
19.32, 69.20
19.33, 69.80
19.34, 69.33
19.35, 67.64
19.36, 69.82
11.00, 46.18
19.37, 68.95
11.10, 46.35
19.38, 69.08
11.20, 47.00
19.39, 68.26
11.30, 46.76
11.40, 47.25
11.50, 47.38
11.60, 46.51
11.70, 47.42
11.80, 48.04
11.90, 48.07
64.62, 228.05
6.31, 29.31
6.32, 29.47
6.33, 29.14
6.34, 28.99
6.35, 29.80
29.91, 131.68
6.36, 29.48
29.92, 85.69
23.11, 72.55
6.37, 29.48
29.93, 99.26
23.12, 73.55
6.38, 29.54
29.94, 96.07
23.13, 70.06
6.39, 29.63
29.95, 94.78
23.14, 75.43
29.96, 117.50
23.15, 75.32
29.97, 116.18
23.16, 78.52
23.17, 78.64
29.98, 105.46
29.99, 115.26
23.18, 73.66
23.19, 75.55
33.71, 144.10
33.73, 143.49
33.74, 107.63
54.13, 250.54
33.75, 119.90
33.76, 164.30
33.77, 113.90
33.78, 61.94
54.18, 272.42
33.79, 155.68
19.41, 69.15
19.42, 68.26
19.43, 70.01
19.44, 71.54
19.45, 70.92
19.46, 70.78
19.47, 68.36
19.48, 68.68
19.49, 70.26
6.41, 29.66
6.42, 29.26
6.43, 29.53
6.44, 29.86
6.45, 29.57
6.46, 29.72
23.21, 78.42
6.47, 29.81
23.22, 82.21
6.48, 29.57
23.23, 78.34
6.49, 30.09
23.24, 76.01
23.25, 74.95
23.26, 82.04
23.27, 74.41
23.28, 73.94
23.29, 79.90
180.00, 791.04
2.00, 15.87
2.10, 16.25
2.20, 16.65
95.73, 235.20
2.30, 16.99
2.40, 17.42
2.50, 17.80
2.60, 18.11
2.70, 18.47
33.81, 154.80
2.80, 18.88
33.82, 83.15
2.90, 19.22
33.83, 65.92
33.85, 129.41
54.25, 259.04
33.86, 151.20
33.87, 100.92
33.88, 149.02
19.51, 69.77
19.52, 69.42
19.53, 70.31
19.54, 69.49
19.55, 68.68
19.56, 69.23
29.00, 92.39
19.57, 71.09
29.10, 86.23
19.58, 70.22
29.20, 106.79
19.59, 70.46
29.30, 103.77
29.40, 98.73
50.00, 156.30
29.50, 91.03
50.10, 122.67
29.60, 85.87
29.70, 103.99
29.80, 117.18
50.40, 193.70
29.90, 94.70
50.50, 140.46
50.60, 221.04
50.70, 168.95
50.90, 113.92
6.51, 29.95
6.52, 29.89
6.53, 29.92
6.54, 30.22
6.55, 29.97
6.56, 30.40
6.57, 29.68
23.31, 74.16
6.58, 30.28
23.32, 82.22
6.59, 30.33
23.33, 69.82
23.34, 81.58
23.35, 76.96
23.36, 76.92
23.37, 83.45
23.38, 79.29
23.39, 81.72
33.91, 205.90
33.92, 104.67
33.93, 91.68
33.94, 90.30
33.95, 104.42
33.96, 118.13
33.97, 160.16
33.98, 140.44
33.99, 116.98
19.61, 71.11
19.62, 71.36
19.63, 70.12
19.64, 72.93
19.65, 70.35
19.66, 71.37
19.67, 70.08
19.68, 69.83
19.69, 68.79
6.61, 30.49
64.94, 300.30
6.62, 29.95
6.63, 30.42
6.64, 30.19
6.65, 30.54
6.66, 30.74
6.67, 30.61
23.41, 77.30
6.68, 30.22
23.42, 77.97
6.69, 30.48
23.43, 75.55
23.44, 74.97
23.45, 88.23
23.46, 83.65
23.47, 84.23
23.48, 86.87
23.49, 79.54
54.41, 270.13
54.47, 287.04
19.71, 71.43
19.72, 69.40
19.73, 67.99
19.74, 71.11
19.75, 71.17
19.76, 70.09
19.77, 72.00
19.78, 71.32
19.79, 69.79
68.10, 353.87
68.20, 10.80
68.40, 242.67
68.50, 247.07
6.71, 30.50
6.72, 30.14
6.73, 30.67
6.74, 30.44
6.75, 30.40
6.76, 30.41
23.51, 84.72
6.77, 31.23
23.52, 80.06
16.00, 64.43
6.78, 30.84
23.53, 76.79
16.10, 64.99
6.79, 30.65
23.54, 79.19
16.20, 65.63
23.55, 81.41
16.30, 65.91
23.56, 78.32
16.40, 67.17
23.57, 73.97
16.50, 68.17
23.58, 81.74
16.60, 68.08
23.59, 82.03
16.70, 68.56
16.80, 69.35
16.90, 68.43
54.54, 262.85
19.81, 71.82
19.82, 70.52
13.01, 52.53
19.83, 71.03
13.02, 51.89
19.84, 70.33
13.03, 51.68
19.85, 70.39
13.04, 51.44
19.86, 70.66
13.05, 51.90
19.87, 71.33
13.06, 50.59
19.88, 70.91
13.07, 49.87
19.89, 69.14
13.08, 49.00
13.09, 52.85
6.81, 31.11
6.82, 30.69
0.01, 21.93
6.83, 30.78
0.02, 19.46
6.84, 31.02
0.03, 20.45
6.85, 31.20
0.04, 18.78
6.86, 31.26
0.05, 19.91
23.61, 88.76
6.87, 30.98
0.06, 22.69
23.62, 73.98
6.88, 30.95
0.07, 18.80
23.63, 84.20
6.89, 30.94
0.08, 18.25
23.64, 82.04
0.09, 18.71
44.04, 260.04
23.65, 76.73
44.05, 235.54
23.66, 89.84
23.67, 85.10
44.06, 61.42
44.07, 218.92
23.68, 77.84
23.69, 75.80
19.91, 68.82
19.92, 72.34
13.11, 51.31
19.93, 71.54
13.12, 52.55
19.94, 70.54
13.13, 51.56
19.95, 71.68
13.14, 51.77
19.96, 70.76
13.15, 53.63
19.97, 69.95
13.16, 51.17
19.98, 71.27
13.17, 51.76
19.99, 73.10
13.18, 52.94
13.19, 54.30
7.00, 137.35
7.10, 32.27
7.20, 32.74
7.30, 33.04
7.40, 33.69
7.50, 34.18
7.60, 34.96
7.70, 35.29
7.80, 35.76
7.90, 36.35
6.91, 31.12
6.92, 31.25
0.11, 14.79
6.93, 31.67
0.12, 15.59
6.94, 31.39
0.13, 14.20
6.95, 31.54
0.14, 14.78
6.96, 31.89
0.15, 13.70
6.97, 30.90
0.16, 12.61
23.71, 78.06
44.11, 191.45
23.72, 79.47
6.98, 31.37
0.17, 13.19
6.99, 31.66
0.18, 11.75
23.73, 87.05
23.74, 69.34
0.19, 11.19
23.75, 82.01
23.76, 81.11
55.00, 286.92
44.16, 203.17
23.77, 73.90
55.10, 157.17
23.78, 73.05
23.79, 76.51
55.30, 156.42
55.60, 151.55
55.70, 220.24
55.80, 302.75
54.77, 228.92
13.21, 51.99
13.22, 51.35
13.23, 52.28
13.24, 52.97
13.25, 51.59
13.26, 51.02
13.27, 52.45
13.28, 52.73
13.29, 52.50
0.21, 9.44
0.22, 9.28
0.23, 9.53
0.24, 9.52
0.25, 9.74
0.26, 9.20
23.81, 96.05
44.21, 229.20
0.27, 9.22
23.82, 77.85
23.83, 85.39
44.22, 213.80
0.28, 9.07
0.29, 8.75
23.84, 80.83
23.85, 98.32
44.25, 140.80
23.86, 83.78
23.87, 93.47
23.88, 76.94
23.89, 77.70
54.81, 253.97
54.84, 311.75
54.89, 259.42
13.31, 52.28
13.32, 52.54
13.33, 51.09
13.34, 53.54
13.35, 51.62
13.36, 53.31
13.37, 55.31
13.38, 54.23
13.39, 51.46
0.31, 8.94
0.32, 8.60
0.33, 8.79
0.34, 8.77
0.35, 8.61
0.36, 8.60
23.91, 88.18
23.92, 82.42
0.37, 8.60
0.38, 8.69
23.93, 90.87
0.39, 8.74
23.94, 76.06
23.95, 90.05
23.96, 80.69
23.97, 77.57
44.36, 185.75
44.37, 202.28
23.98, 78.23
23.99, 88.50
42.00, 199.43
42.10, 128.86
42.20, 205.35
42.30, 401.56
42.40, 183.30
42.50, 6.43
13.41, 52.35
42.60, 176.54
42.70, 146.23
13.42, 52.28
13.43, 53.55
42.90, 157.36
13.44, 54.40
13.45, 53.80
13.46, 52.76
13.47, 52.09
13.48, 54.32
13.49, 53.66
0.41, 8.72
0.42, 8.79
0.43, 8.83
0.44, 8.92
0.45, 8.95
0.46, 8.95
0.47, 8.92
44.42, 263.54
0.48, 9.02
0.49, 9.06
44.45, 195.42
13.51, 55.29
13.52, 52.65
13.53, 53.43
13.54, 54.08
13.55, 53.87
13.56, 51.14
13.57, 54.09
81.10, 432.89
13.58, 51.68
13.59, 53.98
81.70, 499.10
0.51, 9.23
0.52, 9.34
0.53, 9.26
0.54, 9.33
0.55, 9.38
0.56, 9.38
0.57, 9.42
0.58, 9.50
44.53, 192.79
0.59, 9.51
44.54, 225.80
44.58, 179.79
75.56, 243.92
13.61, 52.91
34.01, 194.16
13.62, 52.76
34.02, 239.90
13.63, 55.09
34.03, 116.60
13.64, 52.67
34.04, 128.42
13.65, 53.72
34.05, 144.04
13.66, 51.27
13.67, 52.54
34.07, 142.23
13.68, 55.07
34.08, 167.33
13.69, 54.26
34.09, 166.74
0.61, 9.64
0.62, 9.68
0.63, 9.71
0.64, 9.81
0.65, 9.87
0.66, 9.85
0.67, 9.92
0.68, 9.97
0.69, 9.99
44.64, 237.50
44.66, 154.54
13.71, 52.65
13.72, 53.46
34.11, 185.15
34.12, 135.80
13.73, 51.86
34.13, 78.67
13.74, 54.50
13.75, 54.11
34.15, 116.30
13.76, 55.88
34.16, 175.42
13.77, 52.94
13.78, 52.18
34.18, 102.70
13.79, 52.46
0.71, 10.18
0.72, 10.17
0.73, 10.22
0.74, 10.27
0.75, 10.32
0.76, 10.35
0.77, 10.44
0.78, 10.46
44.73, 223.98
0.79, 10.54
116.88, 555.42
44.77, 191.17
44.79, 153.02
106.26, 300.80
13.81, 55.21
34.21, 61.42
13.82, 53.51
34.22, 188.30
13.83, 54.33
34.23, 100.30
13.84, 55.92
13.85, 53.84
34.24, 160.80
34.25, 121.80
13.86, 55.46
13.87, 55.15
34.27, 100.80
13.88, 55.26
13.89, 54.82
34.29, 173.55
47.10, 74.05
47.20, 128.69
47.40, 228.25
0.81, 10.60
0.82, 10.68
47.60, 215.30
0.83, 10.72
47.70, 125.30
0.84, 10.84
47.80, 225.75
0.85, 10.82
47.90, 233.01
0.86, 10.87
0.87, 10.93
0.88, 10.93
44.83, 156.92
0.89, 10.99
44.84, 193.92
44.86, 248.30
75.82, 256.92
13.91, 55.13
34.31, 117.75
13.92, 54.77
34.32, 86.39
13.93, 54.82
34.33, 106.54
13.94, 52.51
34.34, 159.89
13.95, 54.99
13.96, 53.67
34.35, 187.67
34.36, 265.32
13.97, 55.14
13.98, 54.61
34.37, 113.25
13.99, 54.04
0.91, 11.13
0.92, 11.19
0.93, 11.23
0.94, 11.28
0.95, 11.30
0.96, 11.36
44.91, 271.04
0.97, 11.37
44.92, 193.86
0.98, 11.47
86.00, 488.62
0.99, 11.49
86.10, 411.42
7.01, 31.85
44.95, 143.04
7.02, 31.33
7.03, 31.67
7.04, 31.71
44.98, 189.54
7.05, 32.10
44.99, 194.54
7.06, 31.94
7.07, 31.82
7.08, 31.24
7.09, 32.12
120.84, 263.30
34.41, 146.92
34.42, 146.27
34.43, 174.96
34.44, 84.50
34.45, 119.42
34.46, 210.67
34.47, 193.93
34.48, 118.35
34.49, 132.54
601.60, 13.55
7.11, 32.17
7.12, 32.24
65.45, 499.74
7.13, 31.79
65.46, 310.92
7.14, 32.51
7.15, 32.52
7.16, 31.91
7.17, 32.31
7.18, 32.72
7.19, 32.40
34.00, 126.15
34.10, 128.49
34.20, 121.80
34.30, 107.84
34.40, 134.70
34.50, 148.68
34.60, 123.09
34.70, 136.83
34.80, 136.87
34.90, 142.24
34.52, 158.80
34.53, 165.86
34.54, 98.30
34.55, 219.36
34.58, 124.69
34.59, 204.92
7.21, 32.34
7.22, 32.30
7.23, 31.95
7.24, 32.43
7.25, 32.45
7.26, 32.85
7.27, 32.82
7.28, 32.36
7.29, 32.58
73.90, 199.80
34.62, 112.29
34.64, 79.10
34.65, 91.80
34.66, 74.01
34.67, 134.32
34.68, 115.77
24.01, 81.16
7.31, 32.73
24.02, 95.37
24.03, 77.89
7.32, 32.95
7.33, 33.12
24.04, 67.94
7.34, 33.21
24.05, 76.96
7.35, 33.22
24.06, 92.73
7.36, 33.51
24.07, 87.15
24.08, 89.78
7.37, 33.06
7.38, 33.18
24.09, 86.69
7.39, 33.31
55.05, 401.60
55.06, 266.60
34.71, 132.29
34.72, 126.28
34.73, 135.58
34.74, 136.04
34.75, 165.42
34.76, 158.27
34.77, 116.90
21.00, 69.33
34.78, 165.36
21.10, 71.29
34.79, 61.42
21.20, 69.21
21.30, 71.51
21.40, 71.36
21.50, 70.77
21.60, 72.24
21.70, 71.01
21.80, 70.67
21.90, 73.22
24.11, 80.94
24.12, 74.22
7.41, 33.53
24.13, 89.86
7.42, 33.26
24.14, 82.86
7.43, 33.51
24.15, 88.62
7.44, 33.48
24.16, 95.63
7.45, 33.88
24.17, 83.47
65.78, 180.30
7.46, 33.07
24.18, 79.51
7.47, 33.98
24.19, 80.71
7.48, 33.93
7.49, 34.41
34.82, 142.34
34.83, 125.92
34.84, 144.80
34.85, 115.30
34.88, 61.42
34.89, 153.75
65.81, 199.80
24.21, 71.60
24.22, 79.21
7.51, 34.18
24.23, 92.77
7.52, 34.22
24.24, 88.28
65.85, 313.04
7.53, 33.54
24.25, 81.26
7.54, 33.78
24.26, 87.44
7.55, 34.17
24.27, 78.98
7.56, 33.52
24.28, 78.46
7.57, 35.53
24.29, 95.80
7.58, 34.12
7.59, 34.44
34.92, 136.06
34.93, 37.42
34.94, 125.90
34.95, 116.54
34.96, 140.04
34.97, 117.22
39.00, 160.15
39.10, 143.08
34.98, 176.98
34.99, 139.04
39.20, 147.52
39.30, 166.56
39.40, 174.73
60.00, 299.45
39.50, 179.54
39.60, 177.11
39.70, 162.87
39.80, 167.02
39.90, 179.92
24.31, 91.38
7.61, 34.38
24.32, 91.73
7.62, 34.18
24.33, 87.07
7.63, 34.71
24.34, 94.19
7.64, 34.36
24.35, 87.09
7.65, 34.82
24.36, 80.84
24.37, 75.15
7.66, 35.10
24.38, 74.70
7.67, 34.23
24.39, 82.33
7.68, 35.01
7.69, 34.64
55.39, 295.25
209.56, 557.54
78.00, 0.31
78.40, 435.92
78.50, 250.30
24.41, 92.27
24.42, 81.70
7.71, 35.35
7.72, 34.83
24.43, 93.28
7.73, 35.53
24.44, 72.12
24.45, 113.27
7.74, 35.32
24.46, 92.41
7.75, 35.66
7.76, 35.30
24.47, 82.12
24.48, 80.98
7.77, 35.08
7.78, 35.12
24.49, 89.02
7.79, 35.52
55.43, 273.04
55.45, 127.10
24.51, 85.97
24.52, 77.85
26.00, 86.42
7.81, 36.51
24.53, 77.55
26.10, 86.70
7.82, 36.10
24.54, 90.99
26.20, 86.07
7.83, 35.36
24.55, 84.94
26.30, 89.29
7.84, 36.06
24.56, 99.19
26.40, 86.11
7.85, 35.74
24.57, 86.64
26.50, 89.32
7.86, 35.75
24.58, 108.10
26.60, 91.54
7.87, 35.58
24.59, 75.75
26.70, 86.33
7.88, 35.45
26.80, 89.29
7.89, 36.23
26.90, 85.71
100.49, 480.54
14.01, 56.62
14.02, 53.86
14.03, 54.18
14.04, 53.97
14.05, 52.31
14.06, 53.92
14.07, 54.32
14.08, 52.84
14.09, 54.64
1.01, 11.66
1.02, 11.69
1.03, 11.77
1.04, 11.84
1.05, 11.84
24.61, 89.83
1.06, 11.88
45.01, 350.30
24.62, 88.85
7.91, 35.85
1.07, 11.95
45.02, 170.92
24.63, 81.83
7.92, 36.11
1.08, 11.99
24.64, 82.53
7.93, 36.23
1.09, 12.06
45.04, 156.04
24.65, 69.25
7.94, 36.37
45.05, 211.30
24.66, 78.32
7.95, 36.83
24.67, 85.73
7.96, 35.88
45.07, 203.14
24.68, 89.33
7.97, 35.99
24.69, 93.66
7.98, 36.66
7.99, 36.23
55.64, 207.80
55.69, 241.88
14.11, 54.68
14.12, 54.22
14.13, 54.26
14.14, 56.27
14.15, 55.82
14.16, 55.46
14.17, 53.99
14.18, 54.11
14.19, 54.83
104.50, 443.92
1.11, 12.14
1.12, 12.17
1.13, 12.20
1.14, 12.24
1.15, 12.30
24.71, 89.31
1.16, 12.37
45.11, 186.50
1.17, 12.40
24.72, 86.90
1.18, 12.44
24.73, 78.53
45.13, 141.36
1.19, 12.47
24.74, 91.54
24.75, 81.98
45.15, 206.42
24.76, 73.48
65.00, 348.67
24.77, 91.14
24.78, 90.12
24.79, 81.99
65.70, 0.30
13.00, 52.17
13.10, 52.65
13.20, 53.93
55.71, 127.80
13.30, 52.87
100.63, 311.30
13.40, 53.21
55.73, 285.30
13.50, 53.49
13.60, 53.19
13.70, 54.58
13.80, 56.27
55.77, 216.96
13.90, 55.47
14.21, 54.69
14.22, 53.10
14.23, 53.70
14.24, 54.10
14.25, 55.21
14.26, 53.74
14.27, 55.35
14.28, 54.45
14.29, 56.47
1.21, 12.62
1.22, 12.60
1.23, 12.70
1.24, 12.69
1.25, 12.75
1.26, 12.76
24.81, 94.00
1.27, 12.81
24.82, 79.44
45.22, 169.92
1.28, 12.86
24.83, 82.07
1.29, 12.93
24.84, 98.04
24.85, 81.16
45.25, 85.12
24.86, 79.03
24.87, 78.82
45.27, 215.92
24.88, 78.01
24.89, 83.78
55.84, 322.56
76.27, 330.11
14.31, 53.08
14.32, 54.92
14.33, 56.66
14.34, 54.12
14.35, 54.54
14.36, 55.16
14.37, 56.17
14.38, 54.88
14.39, 52.45
80.01, 295.54
1.31, 13.00
1.32, 13.07
1.33, 13.07
1.34, 13.05
1.35, 13.15
24.91, 97.79
1.36, 13.23
24.92, 94.33
1.37, 13.25
